$ANSIBLE_VAULT;1.1;AES256
32343532623039643239366666643135656638316365383439633733373163303332313935333265
6266363532393962393131313062383265666135356336360a306138326238376635396532336364
34353236383834306339396138353832613639626135356465666635333633666431336132643130
6563656439373232390a633936636438343738316638626338383933626438653365613831653461
31643337643736353835616234663365646134663665643832663663613535376466336566363032
32636536616663646163663466663561323835373764343766393534343835336564623261656366
37383466653730653761373334396263613763663666356464393638303031356432306338383139
38616130643735306330613636323738366438373635643739366162643237343365373262373062
62303832656161383631343337356131346230623564616337376537346438333632346163333135
39653237653263623161376532616662323731646136313964643265346135346536363531623464
61356337323938383734353933383933363930383235663665613236663332363239616262666239
32373032613132313537653737346432663938663230653262383934386533363265663966666165
65656563623434666264366565643138623965646135333936386663643938643733373066303837
65653733323431373639333362663164666238656336396264326431623334373033383963613835
34666239333737306562613338383034326434393339366434386165373261643335643030663030
34383062656463323033616562333531333462303461313130333837383434633338656364306263
64313830643466333233353835333966613932346461313635646339326536623134356537333431
63613063393064663338346232336138623461623964366264346435303466643263376662626537
66303661383963346538323631313632313462373638313562623139666235646630353664333734
30323531653662313664373666353461323661383934636437346630663266613165623631326164
63653565363562386161616664383238306437373961636234353563323935306565386261656566
63363031666134356236343535383736383636393065313539356234643836393534303361626638
39386638343638393139336632303539383034616133313661616561323163306634613836623031
39346462663236623665353930613662353266323632333966613764623130636530366634383661
30333632626134643136646364373862313237386537346466323632393364353930363930343335
33393630346131623065356139326664616264313935393834313931633736356339306239326266
30363438626564633864346337663862393336376666376265643735376363643365333933386431
34373235633765383534653937623235613831386264323132643436623235353430303162636565
35643631636464613130663132336535623238323161633861353964376363306163666264636663
64323132323637633731363937623238623338386434326664653634336433646135343531643565
39373730313437303530343265613933666138653638333234626630646331303231373433373563
32663362363433326661323364656665326235366665623634303637633533346362313461393631
66613836656465313230313062626561353664323135363738616562366363366236346132336530
33323933616161646534633764356634346337656438326239666137643363396534646639633231
62326565643765643432646535396565613233356237656565623133613435613533326533333435
31623761613931643330376137333361653637633430376231396533633363326531363432363830
37636530343938383566303432336630663135393338323362626461646632643262653734323964
65323934616637613032366239666531336163623736356166353631646262393636353139663964
31616463326332393237313630626333386464613632383733333737303731663533646134383239
34643431663538376138316435343738376366316164366461393163643839353161303237633136
61643963656339346238623532656539646233336233656637326465313661653137383261393937
37333931326332316137386464323164663830653563643436393230346439656663326434343737
30333632393839336234343165383137366666326564666237326365313865663634353965343334
38646235333964343232323264633733613134363865626633636166376534653565626431376337
64333965656434633832363665303639326466316239336161613961326264373537616366393837
61646364363535623335663231663066363638636662636637333430373363393263633630303263
30656239303638336464376232333534323038323730333235303037383763623239373534336161
64613534633837353462333763663564383461303661663063633862636264343436646462366635
38623531636430346666626634313131623336353865323566626437666435653834363363363931
65356266633061356663393463383131333937646362393533356364323839613034636166323463
61323431353133373339613539363166616433613133303534396533373435326161623162313833
30373764623833336632396463386531323434633462623265653533663634393032343939326439
30623031323336326366386265323331303532366137383066623432656335303966306266363935
32623430393363323836363466663634393836333261393064323435343734383266323933353135
373638313434393365653662316630633164
